------------------------------------------------------------ 
References:
Mankelevich

File_type:
1)Key_word("ELASTIC","EXCITATION",...)
2)Target_particle||process("N2(0)"||"N2(0)->N2[A3]")//or_additional_products:N2[A3]...//
3)threshold_energy(or_mass_ratio-for_elastic_collisions)
4)User_comment

Cross sections dimension - [cm^2]
------------------------------------------------------------ 

ELASTIC
N2(0)	
1.950e-5	//mass_ratio
//Momentum_transfer
------------------------------------------------------------ 
0.000000e+000  1.100000e-016
1.000000e-001  5.000000e-016
2.000000e-001  5.500000e-016
3.800000e-001  6.000000e-016
4.800000e-001  7.000000e-016
6.400000e-001  8.000000e-016
1.000000e+000  1.000000e-015
1.200000e+000  1.030000e-015
1.400000e+000  1.100000e-015
1.600000e+000  1.300000e-015
1.900000e+000  2.000000e-015
2.000000e+000  2.500000e-015
2.200000e+000  3.050000e-015
2.400000e+000  3.000000e-015
2.600000e+000  2.900000e-015
3.000000e+000  2.700000e-015
3.200000e+000  2.500000e-015
3.500000e+000  2.000000e-015
4.100000e+000  1.500000e-015
6.500000e+000  1.400000e-015
8.000000e+000  9.000000e-016
1.270000e+001  8.000000e-016
1.600000e+001  6.000000e-016
2.020000e+001  4.000000e-016
5.200000e+001  2.000000e-016
------------------------------------------------------------ 

EXCITATION
N2(0) -> N2(1)
2.900000e-001	//threshold_energy
//N2_vibrational_excitation
------------------------------------------------------------ 
2.900000e-001  0.000000e+000
1.420000e+000  1.400000e-019
1.630000e+000  2.380000e-017
1.720000e+000  4.760000e-017
1.900000e+000  1.526000e-016
2.030000e+000  4.676000e-016
2.180000e+000  1.190000e-016
2.310000e+000  4.270000e-016
2.500000e+000  1.680000e-016
2.600000e+000  3.080000e-016
2.900000e+000  5.600000e-017
3.100000e+000  1.190000e-016
3.300000e+000  5.600000e-017
5.000000e+000  0.000000e+000
6.000000e+000  0.000000e+000
------------------------------------------------------------ 

EXCITATION
N2(0) -> N2(2)
5.800000e-001	//threshold_energy
//N2_vibrational_excitation
------------------------------------------------------------
5.800000e-001  0.000000e+000
1.840000e+000  5.600000e-020
2.000000e+000  1.498000e-016
2.030000e+000  3.304000e-016
2.340000e+000  4.200000e-017
2.430000e+000  2.660000e-016
2.630000e+000  3.920000e-017
2.740000e+000  1.610000e-016
2.930000e+000  2.800000e-017
3.230000e+000  3.080000e-017
5.000000e+000  0.000000e+000
6.000000e+000  0.000000e+000
------------------------------------------------------------ 

EXCITATION
N2(0) -> N2(3)
8.600000e-001	//threshold_energy
//N2_vibrational_excitation
------------------------------------------------------------ 
8.600000e-001  0.000000e+000
1.900000e+000  1.0e-034
1.970000e+000  6.300000e-017
2.220000e+000  2.702000e-016
2.420000e+000  0.100000e-016
2.620000e+000  1.442000e-016
2.820000e+000  4.620000e-017
2.910000e+000  7.840000e-017
3.400000e+000  0.000000e+000
4.000000e+000  0.000000e+000
------------------------------------------------------------ 

EXCITATION
N2(0) -> N2(4)
1.130000e+000	//threshold_energy
//N2_vibrational_excitation
------------------------------------------------------------
1.130000e+000  0.000000e+000
2.080000e+000  1.0e-034
2.130000e+000  9.100000e-017
2.280000e+000  2.380000e-016
2.570000e+000  0.100000e-016
2.780000e+000  8.820000e-017
2.870000e+000  0.300000e-017
3.010000e+000  2.940000e-017
3.200000e+000  0.000000e+000
4.000000e+000  0.000000e+000
------------------------------------------------------------ 

EXCITATION
N2(0) -> N2(5)
1.410000e+000	//threshold_energy
//N2_vibrational_excitation
------------------------------------------------------------
1.410000e+000  0.000000e+000
2.120000e+000  1.0e-034
2.170000e+000  6.160000e-017
2.400000e+000  1.400000e-016
2.620000e+000  2.800000e-018
2.720000e+000  2.100000e-017
2.800000e+000  6.160000e-017
3.030000e+000  2.800000e-018
3.220000e+000  3.220000e-017
3.400000e+000  0.000000e+000
4.000000e+000  0.000000e+000
------------------------------------------------------------ 

EXCITATION
N2(0) -> N2(6)
1.680000e+000	//threshold_energy
//N2_vibrational_excitation
------------------------------------------------------------
1.680000e+000  0.000000e+000
2.300000e+000  1.0e-034
2.360000e+000  6.440000e-017
2.560000e+000  1.680000e-016
2.800000e+000  2.800000e-017
3.000000e+000  4.620000e-017
5.000000e+000  0.000000e+000
6.000000e+000  0.000000e+000
------------------------------------------------------------ 

EXCITATION
N2(0) -> N2(7)
1.950000e+000	//threshold_energy
//N2_vibrational_excitation
------------------------------------------------------------
1.950000e+000  0.000000e+000
2.400000e+000  1.0e-034
2.650000e+000  8.120000e-017
2.700000e+000  9.380000e-017
3.000000e+000  1.000000e-18
3.200000e+000  1.680000e-017
3.400000e+000  0.000000e+000
5.000000e+000  0.000000e+000
------------------------------------------------------------ 

EXCITATION
N2(0) -> N2(8)
2.210000e+000	//threshold_energy
//N2_vibrational_excitation
------------------------------------------------------------
2.210000e+000  0.000000e+000
2.600000e+000  1.0e-034
2.640000e+000  2.520000e-017
2.890000e+000  3.780000e-017
3.200000e+000  1.000000e-18
3.400000e+000  1.120000e-017
4.000000e+000  0.000000e+000
5.000000e+000  0.000000e+000
------------------------------------------------------------ 

EXCITATION
N2(0) -> N2[A3]	
6.1700e+00 	//threshold_energy
//N2_electronic_excitation
------------------------------------------------------------
0.617e+01  0.000e+00 
0.667e+01  0.149e-18 
0.717e+01  0.185e-17 
0.767e+01  0.719e-17 
0.817e+01  0.163e-16 
0.867e+01  0.264e-16 
0.917e+01  0.350e-16 
0.967e+01  0.422e-16 
0.102e+02  0.483e-16 
0.107e+02  0.534e-16 
0.112e+02  0.577e-16 
0.117e+02  0.614e-16 
0.122e+02  0.645e-16 
0.127e+02  0.672e-16 
0.132e+02  0.695e-16 
------------------------------------------------------------

EXCITATION
N2(0) -> N2[B]
7.352900e+000 	//threshold_energy
//N2_electronic_excitation
------------------------------------------------------------
7.352900e+000  0.000000e+000
7.457000e+000  9.000000e-019
8.060000e+000  1.400000e-017
9.340000e+000  3.700000e-017
1.050000e+001  6.000000e-017
1.100000e+001  6.300000e-017
1.200000e+001  6.000000e-017
1.260000e+001  5.200000e-017
1.360000e+001  4.500000e-017
1.470000e+001  4.000000e-017
1.700000e+001  3.300000e-017
2.080000e+001  2.800000e-017
2.350000e+001  2.500000e-017
2.770000e+001  2.150000e-017
3.200000e+001  1.700000e-017
3.580000e+001  1.400000e-017
4.000000e+001  1.200000e-017
5.000000e+001  7.000000e-018
------------------------------------------------------------ 

EXCITATION
N2(0) -> N2[B]
7.362000e+00 	//threshold_energy
//N2_electronic_excitation
------------------------------------------------------------
7.362000e+000  0.000000e+000
8.000000e+000  2.700000e-018
9.000000e+000  7.400000e-018
1.000000e+001  1.200000e-017
1.100000e+001  1.660000e-017
1.200000e+001  2.130000e-017
1.300000e+001  2.600000e-017
1.400000e+001  3.200000e-017
1.500000e+001  4.000000e-017
1.600000e+001  4.100000e-017
1.700000e+001  4.000000e-017
1.800000e+001  3.500000e-017
1.900000e+001  3.090000e-017
2.000000e+001  2.650000e-017
2.400000e+001  1.530000e-017
3.000000e+001  9.400000e-018
3.600000e+001  6.600000e-018
4.000000e+001  5.200000e-018
------------------------------------------------------------ 

EXCITATION
N2(0) -> N2[A3]
8.160000e+000 	//threshold_energy
//N2_electronic_excitation
------------------------------------------------------------
8.160000e+000  0.000000e+000
9.000000e+000  1.600000e-018
1.000000e+001  3.500000e-018
1.100000e+001  5.500000e-018
1.200000e+001  7.400000e-018
1.300000e+001  9.400000e-018
1.400000e+001  1.130000e-017
1.500000e+001  1.250000e-017
1.600000e+001  1.140000e-017
1.700000e+001  9.200000e-018
1.800000e+001  7.300000e-018
1.900000e+001  6.100000e-018
2.000000e+001  5.400000e-018
2.400000e+001  4.300000e-018
3.000000e+001  3.400000e-018
3.600000e+001  2.700000e-018
4.000000e+001  2.500000e-018
------------------------------------------------------------ 

EXCITATION
N2(0) -> N2[a1]
8.400000e+000 	//threshold_energy
//N2_electronic_excitation
------------------------------------------------------------
8.400000e+000  0.000000e+000
9.000000e+000  1.000000e-018
1.000000e+001  2.700000e-018
1.100000e+001  4.500000e-018
1.200000e+001  6.200000e-018
1.300000e+001  8.000000e-018
1.400000e+001  9.600000e-018
1.500000e+001  1.040000e-017
1.600000e+001  8.500000e-018
1.700000e+001  6.400000e-018
1.800000e+001  5.200000e-018
1.900000e+001  4.500000e-018
2.000000e+001  4.100000e-018
2.400000e+001  3.000000e-018
3.000000e+001  2.300000e-018
3.600000e+001  1.900000e-018
4.000000e+001  1.800000e-018
------------------------------------------------------------ 

EXCITATION
N2(0) -> N2[a1]
8.500000e+000 	//threshold_energy
//N2_electronic_excitation
------------------------------------------------------------
8.500000e+000  0.000000e+000
8.600000e+000  1.000000e-018
9.300000e+000  1.000000e-017
1.140000e+001  2.500000e-017
1.350000e+001  3.000000e-017
1.590000e+001  3.600000e-017
1.740000e+001  3.500000e-017
1.950000e+001  3.200000e-017
2.280000e+001  2.800000e-017
2.680000e+001  2.300000e-017
2.950000e+001  2.100000e-017
3.180000e+001  1.900000e-017
3.500000e+001  1.790000e-017
3.600000e+001  1.720000e-017
3.700000e+001  1.700000e-017
3.800000e+001  1.650000e-017
4.000000e+001  1.600000e-017
------------------------------------------------------------ 

EXCITATION
N2(0) -> N2[a1]
8.900000e+000 	//threshold_energy
//N2_electronic_excitation
------------------------------------------------------------
8.900000e+000  0.000000e+000
9.000000e+000  2.000000e-019
1.000000e+001  3.900000e-018
1.100000e+001  7.100000e-018
1.200000e+001  9.900000e-018
1.300000e+001  1.170000e-017
1.400000e+001  1.150000e-017
1.500000e+001  1.000000e-017
1.600000e+001  8.000000e-018
1.700000e+001  6.500000e-018
1.800000e+001  5.600000e-018
1.900000e+001  4.900000e-018
2.000000e+001  4.300000e-018
2.400000e+001  3.200000e-018
3.000000e+001  2.300000e-018
3.600000e+001  1.600000e-018
4.000000e+001  1.300000e-018
------------------------------------------------------------ 

EXCITATION
N2(0) -> N2[C]
1.103000e+001 	//threshold_energy
//N2_electronic_excitation
------------------------------------------------------------
1.103000e+001  0.000000e+000
1.200000e+001  1.460000e-017
1.300000e+001  2.980000e-017
1.400000e+001  4.430000e-017
1.500000e+001  3.860000e-017
1.600000e+001  2.840000e-017
1.700000e+001  2.340000e-017
1.800000e+001  2.000000e-017
1.900000e+001  1.800000e-017
2.000000e+001  1.650000e-017
2.400000e+001  1.180000e-017
3.000000e+001  7.400000e-018
3.600000e+001  5.200000e-018
4.000000e+001  4.200000e-018
------------------------------------------------------------ 

EXCITATION
N2(0) -> N2[B]
1.187000e+001 	//threshold_energy
//N2_electronic_excitation
------------------------------------------------------------
1.187000e+001  0.000000e+000
1.200000e+001  5.000000e-020
1.300000e+001  1.000000e-019
1.400000e+001  2.000000e-019
1.500000e+001  3.000000e-019
1.600000e+001  4.000000e-019
1.700000e+001  5.000000e-019
1.800000e+001  5.600000e-019
1.900000e+001  6.200000e-019
2.000000e+001  7.000000e-019
2.400000e+001  8.000000e-019
3.000000e+001  5.000000e-019
3.600000e+001  2.700000e-019
4.000000e+001  1.800000e-019
------------------------------------------------------------ 

DISSOCIATION
N2(0) -> N N
1.225000e+001 	//threshold_energy
//N2_collisional_dissociation_N+N
------------------------------------------------------------
1.225000e+001  0.000000e+000
1.300000e+001  8.000000e-019
1.400000e+001  1.800000e-018
1.500000e+001  2.800000e-018
1.600000e+001  3.700000e-018
1.700000e+001  4.500000e-018
1.800000e+001  5.200000e-018
1.900000e+001  5.700000e-018
2.000000e+001  5.800000e-018
2.400000e+001  3.400000e-018
3.000000e+001  2.300000e-018
3.600000e+001  1.700000e-018
4.000000e+001  1.600000e-018
------------------------------------------------------------ 

DISSOCIATION
N2(0) -> N N
1.250000e+001 	//threshold_energy
//N2_collisional_dissociation_N+N
------------------------------------------------------------
1.250000e+001  0.000000e+000
1.400000e+001  6.000000e-018
1.500000e+001  1.100000e-017
1.900000e+001  3.300000e-017
2.200000e+001  5.700000e-017
2.500000e+001  6.900000e-017
3.000000e+001  6.800000e-017
------------------------------------------------------------ 

IONIZATION
N2(0) -> N2+ 
1.560000e+001 	//threshold_energy
//N2_ionization_N2->N2+
------------------------------------------------------------
1.560000e+001  0.000000e+000
1.600000e+001  5.000000e-018
1.750000e+001  1.500000e-017
1.900000e+001  4.000000e-017
2.100000e+001  6.000000e-017
2.400000e+001  7.000000e-017
2.800000e+001  9.840000e-017
3.200000e+001  1.200000e-016
------------------------------------------------------------ 


END


